29748 4124
27693 2533
3329 8060
403
9732 1942
41210 6410
9546 1087
1312 3138
47196 1482
20511 1926
42132 3977
9652 5813
29365 6887
38195 3788
6191 2086
40163 4068
44510 6107
29275 3007
26242 4980
37753 4295
24334 3456
7624 3523
37500 5912
47863 6015
38772 5715
10643 5485
35647 4056
22212 4404
2752 1173
41778 1118
43575 414
11240 142
47561 3897
5808 4246
46070 6024
42479 6091
22523 3996
36987 5703
25389 1024
27421 3439
35925 1633
27768 6723
24709 3583
19286 1381
43089 4070
19105 6625
42059 6295
7451 1296
3561 209
29772 2431
23171 5762
2737 463
5057 2885
38418 4415
7275 1245
10957 2328
20253 139
31122 246
37759 3541
38772 1547
44173 2737
213 998
37275 5231
42201 2586
3626 5057
23168 3353
10575 6606
5192 6715
31979 273
12427 5079
25799 3734
48804 3006
11163 5363
7363 6205
46683 2101
46119 6806
36713 6216
43438 4162
36699 389
47525 249
23963 3444
33471 2402
12948 4639
32871 2902
48622 3609
16884 5039
1384 4292
3174 1507
45612 1589
27819 3308
39373 5756
49501 5750
2973 2667
32775 6781
11281 21
46346 1569
17343 923
2483 3806
18477 3380
41568 2153
47001 4980
24222 6011
40490 6917
9987 5065
4283 6911
44746 2487
44446 3237
2444 2459
36241 2898
3440 640
48221 6561
49115 3605
29600 3403
12204 3337
36949 5798
14230 4064
44926 4361
31389 4801
32197 955
37867 3145
45532 2989
12838 3895
25915 5549
20099 3811
33202 5885
9675 1658
39675 3882
13336 4679
26737 2966
16406 4360
12015 5185
30337 2905
35437 1860
8707 4186
19452 933
20464 6515
11889 3255
37664 441
14933 1513
49957 614
14003 5924
29556 4593
1123 4757
39303 1841
34782 649
7895 6780
2694 3528
36440 5672
16309 752
22114 5426
8070 550
17095 2829
42229 171
24113 4290
45223 6131
21647 2150
16404 5785
12902 6612
10444 6307
45385 3016
40615 3558
24725 4470
7863 4230
30493 2766
22661 3361
9930 5276
27887 4883
33393 784
14485 3055
43628 5347
47926 1657
18932 4604
32827 4532
48208 2735
16740 1642
21199 2544
13223 296
49717 3966
39791 1905
11607 6729
49166 6604
25886 857
14912 3472
13519 1290
49486 3937
39103 4618
5123 5814
44445 4716
22570 3799
47570 5934
18947 4881
29366 2321
47396 242
35958 6924
41994 4698
32341 4635
35453 702
915 608
207 4354
46112 993
4282 215
46160 4177
25952 5124
13704 1124
15959 1094
20534 4656
12746 285
33426 2832
28037 4943
30030 6826
33300 6771
27542 5693
3300 314
35467 3326
9241 6809
2255 3251
15849 5764
39278 3344
39017 1070
23025 3173
46958 1817
6231 6749
26162 6485
18899 1239
41744 2698
40580 4431
44003 4275
26498 303
29281 1174
33512 936
42598 5171
34746 6686
531 1906
16598 5185
9708 4789
27225 2362
49532 2325
49072 1776
5816 2053
46243 3600
33250 1371
5305 3124
37647 4292
7258 1914
42821 5667
21799 5129
42887 4259
43864 5134
46919 5207
15668 821
83 4816
29642 1352
42699 2586
41659 4855
13035 3364
12424 6613
7426 1236
6240 2060
32233 6232
28350 1287
20617 5434
10472 6098
23044 205
39624 607
31148 6302
42939 5701
48182 3222
13547 232
33997 1861
39394 2127
42161 5223
26018 1640
2249 3227
11010 2279
12105 742
25887 3332
22211 1662
28928 6160
23396 4024
31567 4501
23841 6805
34828 3417
29789 2005
29255 585
36283 417
9871 770
3169 1744
44382 2390
849 4720
22603 3333
43806 1303
12026 1929
17550 6387
11270 666
25856 5147
44544 5487
45 119
4423 5341
44097 4233
26321 5987
35028 5860
25175 581
38431 6389
26318 1478
24002 6251
34935 1320
13760 1768
176 6353
20618 241
4957 3315
20633 5253
12521 2090
28871 1068
16862 563
16971 3649
36050 243
45725 2211
39251 474
13483 1017
6137 4458
30839 2597
37996 6502
4384 4860
8610 2811
15967 6011
37825 2168
29418 3832
39981 1386
33640 3370
30310 492
16376 4333
1665 6820
27583 4323
28959 5435
22834 6468
27606 5676
42519 5962
30973 3721
20123 2852
38254 672
35851 2949
39040 3488
42775 5708
6259 1972
2214 2657
26081 6389
2928 421
13393 2437
35011 5252
20631 3152
43799 2514
27867 4146
30188 2979
15922 2659
14772 4690
2751 4985
46604 3392
32242 4712
3514 2251
14849 1540
41420 2217
7019 801
1377 4499
23913 5992
29115 4177
10582 3445
9131 6875
41933 5458
13638 5750
5980 434
28380 1739
29030 1442
33223 4183
47065 5911
16123 5906
8814 245
35545 4284
945 1053
2596 4281
39659 1897
35751 6480
20974 5440
38687 4613
33255 2416
20759 2376
47084 5554
30667 5490
40472 2314
3736 4829
16977 6399
32153 4580
10104 2220
7974 758
20970 1010
2256 609
42278 3789
10868 6858
31943 5193
42508 4877
34582 5197
20782 2138
45107 4436
24131 1108
31688 2051
22171 3878
30428 34
40806 6773
4282 8372
383
19970 3044
23598 4398
13932 2711
13095 723
3440 3052
18761 2723
45694 3492
42020 919
48501 4255
30393 2726
22371 2164
41346 923
406 3625
28307 1936
5410 1988
3927 900
38334 2361
38920 1962
15768 815
41408 388
16042 3123
9780 4278
40386 1760
14262 4146
41859 2844
25909 2470
38178 1051
10109 2730
13323 1663
39622 376
8772 4644
43167 2569
3777 3515
32074 4321
451 1101
21455 2084
50000 63
10931 26
49386 3801
45623 3137
36199 3286
4528 840
5137 2885
12959 2899
35754 479
19895 442
12481 1492
24334 1316
11498 1427
2152 1581
46239 4231
11144 3694
21193 3912
2974 3059
29971 1777
10877 3545
36480 989
6896 3285
46392 1840
10075 2308
5139 59
9374 1329
9381 4345
227 3501
6465 524
49177 2185
8688 4275
15292 1292
15099 428
33161 387
33213 4432
43941 4209
25793 559
11308 3180
3394 1223
20680 1661
34054 2123
42502 1418
30111 2576
30663 3069
44162 830
21981 97
22863 320
49081 835
38241 2681
15733 4594
8982 453
7497 77
26861 786
23309 1997
39241 2631
5138 3518
6745 3589
33079 409
23071 685
6134 1507
26283 2619
20080 1919
48090 4634
36162 629
457 919
24134 1972
27919 3214
10563 969
33137 835
1385 1537
26914 509
45670 2107
36864 3877
3217 2505
25192 4579
27165 3020
3815 2558
49676 2380
49108 1579
38233 3693
4083 2118
41705 2455
26700 3243
19484 161
18841 276
32213 4486
10093 639
45764 1825
5686 1352
6890 2964
24681 2228
15056 3729
14003 110
46751 4220
16919 3003
45378 1129
30054 2765
19355 2696
5701 893
32941 2328
42410 1497
2999 3595
42092 4007
15810 3594
30446 3635
45006 3533
23106 86
16326 2891
7495 4200
32921 3525
47115 4211
11767 2924
31732 2123
16625 2170
2662 2364
11028 4183
47422 3555
13925 2939
45493 2384
37290 2108
35137 2277
13768 4125
41412 2089
28053 4199
25873 3314
39671 1036
39271 1565
32859 631
31613 3466
41137 2004
15399 4241
45697 1934
32543 3152
2333 2902
38411 2235
36676 3798
20973 4537
48141 2174
13240 4127
27641 2102
37166 3284
44803 1097
1452 4040
30142 3837
43495 1471
33691 880
6147 2857
38065 2694
38064 1572
33075 3788
12723 4493
20 561
2897 3053
12430 3200
40705 2994
21600 3808
23734 683
37010 1727
10414 3574
24601 4472
21134 2234
45505 4642
36734 2051
32320 1700
6670 2120
17622 1315
17847 618
19439 130
48505 1553
3232 1681
38291 2519
33430 3067
7585 2636
19912 1811
37591 4244
38258 3498
35507 821
18707 2170
33682 4663
13388 380
49123 3244
26096 2582
31354 2155
20416 3061
10106 2985
35418 2140
48478 2473
43123 2591
39286 2245
40411 1919
40251 2927
18303 2154
45133 1100
14349 3561
4386 2080
35518 90
7801 1164
3181 15
6202 2327
35363 3969
47243 1704
13759 2
39626 3560
34485 1529
36268 2294
22139 1480
19915 2750
18626 1212
10154 201
10213 3499
9766 2600
34399 3133
6398 148
23071 4025
27527 110
11611 1672
29212 1648
19544 4575
48602 1208
14100 199
28922 3437
27738 966
25736 2255
30235 3923
12041 836
16780 3322
35233 198
5723 1086
21461 3489
20581 1405
37225 649
6459 3997
7560 1692
34329 4446
46381 3863
7382 3344
17370 3266
40490 2674
47834 2016
45346 220
10227 3206
14384 3230
46007 3884
3440 2335
48899 1670
32806 159
6211 3759
1615 1558
47970 272
2635 2237
723 4535
36005 3679
27838 721
43901 2508
46274 494
18250 2532
34074 157
18310 4045
19091 3964
47548 600
45769 4006
36817 195
18673 1857
14805 2402
7078 1643
27345 3206
10158 1051
8595 3165
6194 782
46371 1451
24444 644
25318 3560
13604 1988
4950 3426
15376 3172
33388 3828
15553 1727
45827 2486
41338 4361
17220 2655
44422 3413
38918 1368
7912 1933
8927 3178
32711 805
32924 4218
2620 855
48376 835
1868 2926
31621 2680
22173 531
11090 3875
1563 4416
38302 2784
252 3492
40371 911
16436 486
15604 556
9505 3753
21156 662
12530 605
48425 4593
28671 3257
47724 2887
124 1932
30484 2881
10704 1261
42725 3306
31194 2304
4222 3641
19251 3771
42469 1888
40233 717
42737 562
48954 3119
41007 2915
674 3046
42984 3769
36231 2122
26234 3086
36403 4466
41354 403
14642 3554
42075 3647
31456 2041
43631 841
7241 1028
2743 2312
10524 2114
46265 3157
42074 2682
3664 2842
26702 1123
38443 4274
20058 3867
15639 1186
21392 4157
36269 4659
41070 2240
14572 1113
7344 3139
39582 2336
27006 4680
44760 2853
20507 1407
29709 1213
28294 4325
1679 4500
225
32781 2752
16270 3668
28891 2537
8213 1021
47034 1052
12200 508
10251 62
25491 1290
13759 378
2297 2287
4673 2175
47347 232
37966 1516
21634 4247
26146 1401
26296 4458
39253 3903
47223 493
48529 3688
15771 3131
8343 3371
31472 4378
14723 641
42483 1963
7481 2113
46119 2075
4451 417
45756 1906
6888 1248
34432 3998
15495 170
24664 4383
19643 748
39243 3622
27320 1555
13733 4341
49335 3502
3311 3885
18519 3025
8890 329
6923 2847
4503 120
31177 4349
20140 2778
351 1289
3802 1355
31649 1454
3297 1057
16702 3723
35814 4219
30255 2125
12387 3314
11102 1445
26350 465
27841 1324
38322 2719
22950 2835
12488 544
25786 2447
41247 1419
19902 792
24685 2776
39864 1622
19193 4445
36871 3677
16937 1318
20903 1390
29418 67
44075 2525
44328 2831
23709 963
39382 1130
8177 3555
33489 2037
847 2578
42802 2847
36134 1756
38650 3198
11819 149
48913 1834
11903 473
48518 321
27876 893
47513 2280
16406 2974
26569 2433
7194 1355
3125 846
17818 2818
48388 4021
27699 3920
5764 3933
41378 1128
6180 2165
1310 3412
34589 2324
3644 2316
12368 3330
10097 615
36173 1793
18073 1415
32969 2693
28690 898
39691 2845
5409 4003
47874 4278
11970 2371
29642 2237
30753 3980
22895 4413
23616 3566
27977 4387
39645 2491
25130 4257
16577 4021
26243 1862
40394 969
8970 3371
28007 3619
31941 748
3090 4135
49225 4182
16155 3931
34758 698
31038 3931
11673 1525
47839 2541
31912 4073
46345 2267
3576 1249
1046 601
46625 2418
21733 775
26873 3074
4254 3059
49506 653
21330 4015
5105 1978
43948 2308
17095 2079
30219 897
45990 2375
34767 2625
31892 3637
17645 3416
43088 3931
47988 1106
42832 753
45306 3192
35811 3856
27572 759
39605 1724
16749 37
19089 3414
924 3960
18385 3751
31301 2206
25550 3462
8626 3267
46234 2473
25611 622
44015 1394
45386 1391
9670 3246
39253 3555
22954 1528
13499 2304
48428 4254
39971 64
23647 4324
20050 1798
38387 1991
6404 2838
33769 4001
20433 1189
40354 1426
35675 3572
2346 3176
3917 132
38103 2655
40199 2161
42696 3168
39965 545
16648 1972
41343 3728
3533 2215
48677 953
29094 2640
38560 2769
19165 3006
9216 3808
4091 935
10238 2
42302 3036
1155 1227
23675 1404
7811 2985
27753 603
40198 631
44062 1721
17399 4396
42932 2995
22218 3667
3859 2250
1239 913
2472 1088
48894 2438
38048 2795
45702 1299
39637 157
27104 2576
20912 3136
12386 3714
49040 4257
25769 3895
474 3870
23400 967
25593 2278
48135 1137
39097 3820
18827 477
42531 4352
30834 40
43202 522
43630 4032
3820 9743
191
23943 2262
37389 5201
17791 3495
43350 4970
2945 1731
2901 2121
1241 743
4009 5968
33882 4526
25848 465
9114 2175
11155 419
16406 5059
25392 2307
21902 2840
25487 3958
44420 4242
5072 5159
8773 4990
23166 2983
17880 459
42982 3106
7474 206
18789 5064
25270 1279
9308 4408
17412 2276
36384 4774
29862 6219
37306 6425
30524 3199
30310 2546
24723 1273
3504 3563
153 1263
11563 3065
35439 1732
19856 6314
17886 3632
618 3406
49632 5293
10242 5101
13090 1027
17212 3290
7456 5341
11065 6387
16365 1830
29274 6062
26754 67
40933 6102
25798 6253
27642 1483
23391 3724
36851 5
2493 908
33486 2349
13745 1308
35518 3852
39409 5711
2489 1359
6302 284
1195 3020
21279 108
30104 1953
29598 2135
7643 4894
6234 649
15687 4758
49133 2560
3603 1811
6357 4911
20100 1447
13520 1692
45992 331
7402 826
49791 1882
12033 6173
36368 4918
47806 4066
14048 3191
20210 49
31853 1278
23325 4543
22419 3503
16428 881
40433 653
45813 6210
41941 3788
15205 2438
28611 5386
2764 2546
36308 1110
12091 2252
30811 3385
21849 4676
36354 5862
32899 3046
18500 2158
32097 3258
45032 4774
33291 6016
20363 1709
45052 2567
4787 5252
32939 6352
49213 47
10854 1334
16850 1044
40898 3920
15543 3248
8870 6044
37507 3402
36454 6332
14343 107
29628 1304
16129 5507
27543 5348
24725 4669
31498 1098
49202 3003
45611 2291
138 6430
286 943
45760 555
30999 5247
36633 3541
29550 2996
47987 3809
46497 4281
17256 2346
38056 2141
21746 1290
36227 3454
20895 5486
42332 4266
48512 2084
18510 1621
10759 3526
31988 2679
26329 5858
524 4620
19205 2645
3452 6424
12428 372
45873 5410
42424 4676
45771 652
32229 5122
10639 2007
32425 3697
39571 829
7265 6174
45937 2682
43226 1749
40892 5559
23614 3368
48867 5392
37841 1223
10010 2550
18617 5948
12655 6006
6161 5593
41562 18
23126 5803
24215 4750
37874 1642
2838 5363
21864 4764
29512 2640
25754 3487
995 4202
44523 1806
42186 2951
18530 6533
15334 6317
40780 1846
14538 4837
19118 712
18032 3277
41003 223
14145 6096
6031 3688
6718 6418
48459 1236
25687 5047
39336 685
23580 6619
9245 3966
48924 559
17015 3456
47623 3016
4950 5880
294
39116 61
8317 35
16805 17
3743 31
10262 56
48597 65
6379 60
2178 13
29092 33
25007 53
17663 46
28222 58
16754 2
23221 45
23451 28
46229 45
36299 22
10278 53
40793 30
19593 11
44713 64
30248 37
23701 59
16853 5
17515 50
13999 13
27342 25
33448 38
10938 65
5713 44
40306 42
13305 47
39189 31
46060 31
3955 46
47387 8
16545 47
32461 30
42762 23
43037 57
23875 21
11805 33
48311 6
28014 3
34624 16
9988 28
18370 66
34238 50
46874 37
20244 21
28652 52
32198 56
27968 4
35441 66
46674 51
13709 31
34567 58
38115 48
3470 63
42125 63
16206 29
45726 2
25403 28
8486 53
42963 63
5808 13
12710 33
33162 12
35367 19
44110 60
46134 1
18940 8
49683 17
13577 49
39535 36
23949 23
40516 66
6667 22
15989 7
20899 20
10232 13
13269 48
31063 32
12674 13
14088 2
31174 51
30953 26
7274 55
23519 43
16491 52
9255 13
1497 7
42816 28
15688 33
6019 32
459 32
29644 18
21895 21
42861 4
26191 29
7703 35
33522 2
23829 1
1994 33
27996 23
43104 52
41626 22
37020 44
35466 17
9597 15
21997 62
24086 25
6485 58
11401 56
13252 10
38998 62
44955 27
25961 35
46017 51
48834 66
29141 12
43966 41
19240 40
21559 13
16395 25
12541 35
23913 5
39086 28
15309 35
12446 53
38078 33
49515 19
23017 42
34519 15
36133 49
25749 30
41640 61
36039 24
17050 17
31935 21
21455 60
4539 55
13804 47
42115 56
10462 33
24025 57
5059 21
30627 53
31717 58
13460 19
14848 13
33122 30
25273 45
33717 40
9460 20
42118 31
9182 46
8984 10
39335 33
18449 36
38362 39
31039 59
32363 33
37848 49
43161 46
48280 59
40515 44
47198 63
33264 7
24461 14
45621 27
6340 36
45937 60
27786 27
32773 41
1419 21
5059 20
30906 66
26826 56
34205 5
36412 47
10698 22
30237 18
25416 44
37865 50
22575 46
49157 31
38286 12
10589 57
46716 48
11362 33
30846 38
29647 10
36545 36
13208 17
9163 29
19585 35
9248 16
10459 65
46024 8
891 46
48160 54
13864 64
11492 32
1573 34
34164 13
5397 10
45705 49
9464 15
7867 18
19350 56
4994 23
19593 28
37810 8
15257 29
11078 4
18783 61
48898 18
28387 52
23449 40
17652 57
42892 14
38973 32
24443 18
37197 8
3811 9
32042 11
44536 17
39398 2
14388 60
32531 34
3504 36
1055 49
33959 16
29143 31
25751 49
47723 38
36194 18
39941 53
17834 46
25648 66
16388 55
46801 17
8378 41
25972 24
7203 44
30935 26
9815 14
13107 65
44133 41
33883 15
5395 47
4876 15
1003 52
34927 30
38305 59
23185 16
17319 32
14671 47
22534 46
14813 36
49144 56
40441 35
44087 2
35434 32
12148 57
24453 62
33625 30
41833 30
6848 9
36167 43
20037 18
32548 45
45687 23
29402 52
4211 24
47955 21
6313 12
45015 16
8295 18
21322 52
32468 24
20688 39
7806 56
33422 64
21983 59
26157 65
45291 33
45725 56
22273 64
9197 50
2044 57
12541 32
11899 57
1100 1460
55
3174 2306
44025 2451
49065 445
35390 4061
44879 1373
6225 974
16621 4065
15325 1860
3552 2214
33146 3662
8846 3151
25279 2013
34899 4042
41365 2569
19891 119
28429 4069
28108 3176
25032 2645
11701 352
23592 1026
31751 643
26179 5033
27448 2015
22320 2935
48305 1236
10090 2222
28466 2010
23407 1000
34552 3969
34807 223
17971 527
43858 3131
18392 2298
5953 562
45663 588
3023 2745
8417 1957
42136 2557
37056 1024
49567 1439
36272 3576
41565 5016
11375 1134
28102 4875
46093 2823
16721 676
8847 2627
26493 290
29467 1070
23681 2565
44693 809
18894 4639
22256 4573
5325 5109
41835 4175
3726 7251
243
260 8625
20903 7297
16556 6352
26766 7623
48201 1754
18991 3258
2055 4019
1852 2672
35726 3099
32560 7097
14477 4333
16347 4236
25478 6311
769 72
45361 2728
31353 9964
47260 1972
24675 8607
6230 168
21921 1441
21050 782
31152 7264
16287 9456
2555 3003
20099 2012
42697 1466
5701 4575
7238 9043
19115 1178
20258 8006
34322 827
42799 7962
36568 7933
28100 7473
35265 2797
29930 6373
23636 6315
45770 1082
44084 6274
8285 4676
16141 4183
15109 7333
26376 8193
19371 2346
46704 1842
42668 5980
23941 7377
45309 1818
35643 508
19657 3409
39781 907
43573 9586
10667 9768
36041 5695
36722 1103
1637 677
28010 2863
7407 6745
5443 737
32578 6777
49108 8498
15874 1597
43415 3048
49908 1182
942 5409
32667 9564
19149 7074
36841 6240
48286 6168
17270 9233
16262 5007
4221 5258
18354 623
31359 1628
4756 3796
8645 288
21884 3864
43263 870
2052 1650
27058 3170
12733 9345
26419 9725
2316 8234
10753 9611
35196 6953
1959 8022
29631 1457
12079 2532
511 7984
38132 9789
40076 1618
41833 6776
37646 8311
9961 5096
28265 6049
25393 3370
29446 7350
21935 8163
47774 1761
15065 2687
27060 2969
777 3376
5907 6690
4673 2855
22643 2769
44386 2804
5932 9070
7380 6219
37666 3577
49625 3692
37062 2282
5983 1369
9532 2859
30972 7917
10603 3657
6625 6036
29411 7662
44351 7401
36607 1669
24437 9024
8179 5601
4670 5175
37745 4110
7686 8401
12093 5410
24043 3662
31383 5506
14716 26
7942 7266
30922 5687
41723 8545
6206 7546
11298 7485
39154 6909
15932 4256
39856 3590
15116 462
4572 877
39277 2860
44621 8609
18623 7721
49578 5016
15041 6357
23622 4294
26332 2982
7878 4543
8440 8054
5539 436
47344 6089
344 1044
40985 9627
20088 6551
17427 6101
25312 1011
35972 3055
7128 9933
21300 4594
37302 3057
3702 6340
25673 923
15465 34
14439 3551
13986 256
26344 9977
31020 1329
40955 6687
49589 2005
44457 7394
18405 7015
6421 9768
6052 4376
25321 9900
19309 7351
30042 2622
39896 3010
3043 5715
5617 1712
11967 7482
3810 9602
47282 8310
31348 1182
39538 4588
31981 936
14302 3994
20113 6737
37464 7074
33326 2517
19867 9136
41757 2634
25643 9909
21975 8004
19715 8686
12519 7591
13544 1681
36342 2680
213 825
31764 4041
14976 9750
40095 96
46833 5629
32703 208
2724 648
29784 6028
18661 8942
5202 7892
35896 4303
39340 7176
21118 1962
3643 8210
17242 4661
11837 6336
40377 7454
7204 9952
40048 1704
17333 3650
40209 3232
3879 35
32414 9284
48226 3662
37906 7426
28080 9779
13307 3801
45762 3772
1981 4424
35437 5756
38444 9222
3028 7273
7225 8820
523 6583
40232 3624
16855 4207
34241 441
39724 733
20747 3006
431 4301
24080 8652
48804 4863
28634 3738
38161 917
26673 6966
32540 3597
37222 1468
10287 5567
2149 4421
298
49172 1275
28359 1960
11318 5248
9548 9105
24108 8100
22962 9979
3716 2911
33828 1595
48561 8229
31825 6852
8319 1100
33018 5398
46195 4957
28469 5166
13897 6967
28241 9836
18148 3069
18316 2952
22056 9465
7564 4215
10546 2516
35426 6878
48472 613
38841 5605
28808 3384
10835 7018
22415 3478
38434 3852
5369 4962
21928 3255
39442 9266
48686 6521
39472 7589
3405 7001
27567 7879
40394 7321
24198 4464
35077 2172
27776 9021
18757 3917
10934 2936
26413 5943
39795 9701
1014 1199
14453 5163
30780 2941
39461 3894
27835 9465
12817 5284
23163 7591
41263 384
11199 9908
22079 1812
20833 6275
20192 6207
39142 5941
1883 7477
13529 1906
13104 8029
19544 4542
3835 3908
14154 323
46140 9647
4931 8340
5930 8956
15691 4445
24352 7193
29004 6890
23164 2783
28989 6188
38480 9707
23536 4482
32739 6715
14743 3416
17958 5843
6102 4286
961 8144
47790 255
28594 7100
6055 9072
13516 876
14420 1746
14987 7868
17002 9775
25963 8150
14209 5990
46823 794
37508 7744
41159 9561
41755 2251
2888 5468
13611 7857
34463 3848
17299 7753
46824 9409
30284 3354
11451 6692
30911 1055
20829 2789
47290 7912
43901 6791
43937 1498
15593 7075
36635 1444
33694 3104
48571 4742
42598 2934
23133 8534
22638 7060
22820 432
30137 9461
46152 3103
14157 7939
727 3414
41325 1338
14480 8016
25866 5225
8651 8416
39860 1458
14561 1638
6379 9905
42838 9484
8017 8976
42387 5971
6402 654
16466 1559
1013 6538
10828 8970
22383 1522
32859 1554
25921 3708
15284 7338
5754 1786
43244 287
1924 5613
35517 7804
37287 8302
23629 4707
10677 1655
8660 2367
13925 3430
36319 1478
20447 4938
46459 7146
8699 9181
39240 9317
43006 4619
36405 876
11162 8759
44371 6000
3803 9437
37738 6240
40946 7442
19096 7718
10084 7974
1403 7756
35585 361
21650 7721
34866 6031
31563 4460
13776 9916
44534 7155
8030 6781
21892 7290
43289 5543
14979 2614
28853 3444
20885 9068
46785 6150
4123 6332
439 3220
13580 5525
9597 6023
8405 5229
19688 4462
4377 6320
43474 9815
22948 5263
12552 7855
3397 4839
27452 2193
1988 4727
3794 2657
8806 2872
45555 578
23797 9281
1157 5994
48368 7377
38957 754
21567 6773
29444 4997
41163 5944
7558 2917
40771 4110
25300 6461
8653 519
45245 9104
8112 640
49863 9038
49615 3269
12549 1770
24115 9763
27139 3706
40811 2482
45606 2448
23796 2377
4672 5049
14317 4958
45420 2229
48690 5087
31957 7071
22526 7342
34334 7201
26238 637
13906 548
28669 2204
31967 2806
22863 2783
41617 5457
7904 3673
42402 3574
44975 1699
13009 7073
9302 9291
30730 8428
45498 7991
31684 2686
39887 8024
15012 2369
49269 2476
24680 5269
38075 7937
30720 6646
48454 937
40962 8688
42261 6358
4408 9715
46787 7235
46526 3768
42195 6088
30430 3607
6292 4045
38420 2114
10834 2530
11358 3431
15052 102
38039 6037
9034 3126
30414 5110
23797 7487
30196 7727
37441 6057
19644 956
1075 4228
6667 6169
9775 3270
13666 7097
15562 2418
11300 8437
38219 2747
2849 2657
25045 3270
6395 7239
42348 430
24268 3161
7239 6144
48552 816
21771 4680
45259 8195
715 2845
32466 1925
5373 6841
25611 2483
30919 7286
30033 6910
9566 9138
38759 9233
6471 962
1391 1506
14666 8818
31313 5658
46473 1904
32935 6216
14411 4595
23792 8193
46470 5125
8318 2609
1444 1842
5480 3928
20837 2362
17851 5512
34744 6754
47715 2962
34467 1214
6383 5457
7466 5484
3739 7695
262 3939
4866 4885
174
17637 59
29529 126
4745 148
17793 92
36871 49
38686 12
24957 94
45531 76
34560 83
24906 49
5959 61
12315 76
31669 36
37244 72
12227 83
40573 96
20561 83
31646 29
37812 85
17237 71
17786 130
28999 42
41377 6
18516 61
42793 36
34312 89
4768 31
21323 39
13826 49
15675 114
8309 148
4971 27
42700 133
20525 24
18758 79
37897 9
26386 27
45636 39
24128 122
26401 127
40275 16
15671 60
7338 39
14183 69
11910 111
46271 25
36103 146
31790 53
20560 10
8369 6
6426 22
42212 105
45863 115
33276 88
34702 146
36910 52
3091 37
2723 112
22276 113
14295 65
13113 117
3458 45
44509 43
10721 51
3912 77
20738 1
48057 121
9499 101
33500 99
13909 78
1505 106
25882 14
2453 47
31375 120
11860 112
7968 94
38938 132
6890 1
13023 139
31219 34
3050 62
27270 68
47608 138
11377 24
28597 60
15661 141
25158 37
1047 114
36497 86
18689 50
44443 128
6031 32
4432 36
49530 40
46882 38
34387 92
49055 63
33741 36
31127 83
44122 97
3105 115
22527 62
17675 50
5871 41
22346 67
18878 87
17566 40
32872 60
4179 105
5802 101
29501 128
33695 92
18195 11
7921 51
45255 89
8099 86
28175 43
26620 65
36901 129
16371 130
39752 3
42386 48
42859 89
12017 21
24010 110
30801 90
24357 122
14768 35
14633 63
40927 129
7434 39
24597 65
12353 21
47809 76
16409 137
24851 4
15779 28
12532 85
8845 62
38379 64
8717 130
35419 15
16378 89
24679 139
5579 38
23601 109
30981 140
14972 61
32117 57
8938 117
43312 97
37389 88
17376 126
431 48
40820 85
8130 61
40692 20
31665 125
10087 81
20782 67
38300 41
45028 98
41635 8
45317 148
39132 103
4979 14
20745 95
24236 79
24991 81
47045 15
46179 142
14401 38
48722 106
10290 77
824 8760
308
42690 32
45851 495
6245 286
24963 318
128 156
2646 492
180 67
31733 304
26149 72
2397 20
14781 278
36614 63
26278 187
38846 181
28783 482
2953 414
45849 245
42182 475
16488 341
12372 73
29204 147
7329 206
42653 331
26606 98
33325 302
25703 262
46472 241
5879 288
393 434
6203 452
40782 355
33351 403
40661 242
21426 113
9029 144
40114 54
48815 216
33966 486
2855 251
42972 431
22276 175
636 106
30046 500
40553 326
33942 346
25964 315
38613 111
44056 275
17551 53
2772 425
15630 39
47514 469
23030 212
38615 283
41105 505
28415 498
49316 372
14831 62
18268 473
9798 271
18489 141
9635 493
44131 261
19077 86
1874 121
4611 508
47436 464
48299 404
16306 390
12702 113
17555 374
37142 32
2870 182
46230 84
40059 473
6049 447
40843 415
32000 339
2076 166
46654 472
5628 417
21452 437
36092 415
23528 23
39367 2
26159 157
10049 229
40142 88
47976 266
34054 39
8749 2
29284 318
38488 392
917 59
45063 55
10863 334
31538 486
3752 327
34769 78
36379 172
46212 475
13760 437
8541 508
35529 81
6624 172
27253 478
42387 80
47667 72
523 426
4140 11
12505 145
46274 443
30021 82
11671 505
10008 85
21627 221
26938 488
45183 230
21991 150
24697 228
32997 414
10337 493
24836 476
22609 456
22938 170
20942 365
8103 286
45836 427
49944 35
19263 10
21907 75
15226 161
25331 372
17025 9
23824 177
25934 325
26373 416
32203 58
26977 348
42918 260
14264 455
35356 307
30130 390
43192 83
5049 125
22727 18
36046 307
24854 237
31065 52
25048 166
16302 464
28059 301
19955 282
10233 238
14129 347
46845 106
49713 88
33461 9
46095 122
26266 376
5457 167
10801 436
36000 62
19230 118
10235 392
4655 317
27962 256
35561 202
42031 452
44846 126
31647 411
902 67
6595 127
43904 450
11013 157
20184 477
1865 193
40674 272
32990 52
37632 351
36884 148
36112 274
7703 253
12760 408
169 389
5891 477
31999 248
45878 264
23857 101
23986 98
42654 505
34041 49
7856 462
48734 435
969 185
421 433
45002 420
2696 204
40907 157
18789 351
5764 120
21947 320
14175 346
25411 216
40309 264
39252 180
9916 379
43832 441
14359 23
24968 329
11633 127
19531 16
10975 443
25691 194
20385 313
25660 119
35510 348
46613 274
31782 489
20420 107
21418 286
21404 495
15667 505
31808 480
40504 277
11704 219
31218 37
41475 426
19811 436
10424 53
44347 131
32694 148
41 85
12245 139
1329 386
36616 292
8686 15
36783 311
5958 181
4377 22
24420 74
31302 336
13665 457
14180 72
6292 348
40022 100
27039 286
46846 440
18374 135
41605 418
41753 306
8800 176
2590 463
41143 323
13228 252
21361 75
44303 60
9636 426
41789 155
24146 376
14771 104
15069 464
3235 197
35239 235
21004 440
7661 335
21414 337
45899 41
11099 480
15255 417
15263 182
28325 31
21980 393
33884 233
11776 428
28199 9
4900 58
34706 395
21533 342
12445 60
29491 249
37997 502
19270 388
23963 359
19991 380
21045 57
8535 241
11170 278
3682 18
26985 141
35785 93
8354 443
31154 105
15170 379
45706 434
11574 195
14072 324
8804 242
32520 197
46412 38
38335 342
4115 104
33177 173
10087 176
9392 366
18666 111
24958 448
18564 75
2781 9260
463
36722 32
8123 282
48837 109
1515 461
20578 1351
36289 456
24490 297
21210 245
25947 583
31868 433
43085 1394
37031 1592
11959 1167
5588 835
34640 1650
6095 1800
26811 1605
40356 853
4735 1838
39954 434
12245 1468
29697 1432
25750 145
9211 810
41676 1207
13770 929
826 110
37567 606
26644 372
7532 112
29931 1803
48996 1286
10547 945
48740 1497
47572 1035
6945 1085
31286 402
29254 13
3898 1146
41436 1325
45895 225
46685 67
38708 518
42207 1663
10108 1533
42985 1702
29716 638
29482 650
47682 1502
38246 110
49618 1029
4125 784
31830 34
20643 1398
38194 409
47652 1114
49986 90
29863 390
27642 1273
36747 288
38159 779
10490 47
38063 1352
40839 581
34544 426
30053 505
40626 676
31417 469
33906 876
24534 679
30488 334
38891 709
15576 1763
1869 452
23527 733
47317 955
34697 311
12263 510
14129 1119
24855 261
48537 572
15537 1791
5435 845
27970 747
15363 1708
27791 587
23744 800
25378 1256
18139 1815
32536 1342
48564 1237
19701 1642
4010 881
22371 793
1416 196
33161 497
18483 610
21818 1436
12002 291
29609 757
34994 1821
22270 993
40432 223
48055 928
41245 908
16586 1538
43146 1519
39421 1275
34601 447
31644 143
9016 74
18672 830
46205 510
34119 1559
6628 193
18275 383
21125 613
16709 378
38191 577
2830 455
28057 528
35596 582
38406 288
1060 1398
3158 876
41726 167
46562 1601
22375 425
33589 845
17325 1703
20219 1252
14540 633
42494 413
35603 282
12363 1737
42824 1265
6904 1521
44324 1263
36138 1285
1018 1333
27141 1783
17820 63
2195 78
16468 1818
13038 54
8703 1380
2094 720
7302 753
37194 606
41624 1543
30393 1192
22678 1559
45569 398
15308 1473
11439 596
21000 795
41772 49
12281 877
11716 1396
12453 1678
45244 121
24360 1546
27102 185
8276 1394
40918 915
46555 85
697 858
24957 1772
35289 1417
44322 520
22940 1795
35306 1344
36844 1593
25029 762
9037 660
39664 1391
41340 612
17969 412
45685 349
15440 378
42495 1694
40615 324
13929 1527
22160 1389
5834 455
12296 1279
14506 175
9836 1047
27890 588
32613 502
5048 1830
23910 188
2651 1782
47532 1400
34473 1825
17640 347
7668 453
2862 1814
40176 1557
3517 1247
7853 225
41134 6
29764 1523
6412 1589
18536 443
10931 1518
27651 935
2674 1038
43069 1726
11340 1800
45880 589
37212 976
19937 1608
7848 1813
31445 477
22473 290
27176 1329
44359 1730
13630 769
30944 1284
6145 523
38452 438
9417 882
46801 1127
24034 287
12729 64
3471 188
6165 708
39068 152
49872 74
41727 694
42513 750
18654 1288
8545 619
3993 913
30800 222
14065 449
42988 477
26727 1555
42317 1520
47928 275
37026 1507
4041 1414
7509 1678
23553 480
29972 1614
46076 1535
533 780
25706 1797
29715 625
14916 254
38891 1728
46116 926
2460 1454
21666 183
6307 1274
48876 1511
3694 340
2873 740
46024 235
34934 143
8055 1185
14830 1165
28441 1453
34015 945
19289 786
35021 506
27909 1323
6408 1093
36683 864
24199 1495
30369 523
2672 663
25990 1045
27969 1092
14672 1413
30711 80
26615 1072
47665 306
18779 1159
45914 347
30609 33
12597 203
44775 1075
21589 1714
13429 1361
40797 1029
35213 1329
26915 328
31715 47
49567 605
34137 1444
35463 1010
42169 721
48509 1415
31158 149
49013 1407
8061 1406
2986 957
46965 487
34291 1372
3065 995
3245 683
34906 1675
49479 442
35042 12
29357 134
12027 522
12632 345
30650 41
31494 75
38267 1683
6276 1630
24819 43
15513 683
16539 373
14879 1167
41241 201
7879 1273
14634 1072
25469 550
5459 1552
1557 121
35995 1247
21679 269
24385 386
44802 268
30 1245
41681 901
26690 1438
29334 1237
6995 1222
12830 130
45038 1835
7084 250
27121 1278
42051 942
3728 903
63 647
40499 318
22718 390
7617 679
10237 355
34948 138
15197 163
25461 423
4864 1546
5093 755
13393 19
21104 31
42506 1240
19379 1697
47155 1720
44514 826
29180 1702
1663 235
32599 1269
2119 331
33277 1628
11104 462
48702 835
9355 143
35371 1319
3961 1009
47281 1700
1943 397
5993 1138
40693 236
27131 437
16716 339
36571 996
40910 1812
27657 1485
28356 841
30094 1403
42109 18
8728 978
15064 1571
48614 1108
25565 1795
10441 572
18384 232
31533 29
35931 312
10634 319
31325 1395
21024 14
32725 1740
31614 464
42316 356
49595 1466
23207 427
2239 584
35124 1692
39998 1530
45802 1452
20899 1422
49574 187
39612 1571
11094 77
4503 570
30153 1366
31003 422
6910 1503
6661 223
7028 1543
16353 445
47281 1084
1207 920
2147 1512
25795 169
24346 926
44836 1600
49124 1202
25776 1610
17397 175
35338 332
22155 345
26778 1021
11661 430
10993 1290
22396 1722
47977 895
12288 1554
18431 1325
23091 639
45086 514
7271 1245
21356 838
40721 1028
49315 1307
43760 371
5665 326
33696 1182
44034 1354
32231 1380
13099 538
48722 123
40654 1651
26610 1460
8148 1695
19662 792
13488 1823
9506 66
16029 1435
48325 852
24694 1717
32699 1332
7054 729
29152 342
10806 1709
22464 1101
48713 568
34979 1261
48546 482
14802 310
27639 1771
42630 129
27746 721
42321 161
18713 709
25469 12
31785 1656
116 7265
19
13354 4775
8325 5852
49924 4160
17783 259
37594 1225
37866 1013
17047 1477
39063 4400
32629 3216
4919 1330
21084 5898
11099 4623
21258 3896
8058 3194
20481 861
29295 855
26720 716
28603 619
13626 782
7720 7816
386
12368 9155
4569 2527
41507 3512
28430 2304
39739 9200
20298 5169
12778 2607
665 1511
8344 7651
3297 4998
8069 4881
3484 915
20892 1064
8879 9869
28838 8463
37617 911
29789 1205
14717 8538
10841 1295
46846 9498
1018 6931
9538 3495
5006 3795
37797 6554
41551 9701
4581 1093
48360 5971
17034 4416
24284 9251
24065 2264
29526 9473
10678 1682
20219 9314
46961 1746
17595 7411
30693 158
43653 8613
48759 230
33135 5010
44710 2908
44000 4685
7008 5642
40058 8711
44314 4041
32657 693
166 8378
46411 2182
37848 7195
35292 2981
46743 1160
11317 2886
37850 7436
17665 1321
36330 6609
39516 7152
8188 7391
29385 9867
8578 5195
39236 5794
16486 9243
37620 8244
425 3003
10197 4031
33363 4624
22135 5488
14726 106
7541 9804
21124 2575
39183 1557
8708 7454
21196 5050
11269 6896
32090 580
36373 6198
5440 7677
25920 2859
35861 9411
9793 2697
13672 2410
24249 3156
23261 5807
35610 8974
41549 7153
38709 6733
30538 7083
8485 3769
47016 1734
18665 9753
5950 9105
33134 5038
24248 7741
37151 5405
34453 6460
38869 6944
6451 8125
283 9470
18443 9711
26863 5892
8976 9991
23426 1923
45691 5866
23951 1910
18014 9058
38163 2615
47652 3963
1703 7648
13052 8251
14711 5205
18500 7505
11981 9931
49400 4950
4660 2263
14506 4195
10537 7874
46149 3481
45698 3962
32223 8191
17249 9648
12263 236
24198 1763
9410 6266
14517 2252
13809 8813
2669 5579
31861 2308
7258 4649
26911 7613
31807 1917
26143 7768
31249 2343
42657 2291
30481 3298
12946 4879
25115 4081
35843 1560
34177 5664
24268 5252
417 8693
10623 8076
20383 3085
34086 2484
40096 7640
5909 7348
35116 8254
30596 8403
37045 2716
26013 9604
14483 7525
47958 5310
46869 5949
21612 3800
45404 1046
46090 5879
306 5820
15256 3065
15548 689
14680 9341
26689 1995
26600 6940
35342 8156
10871 3547
13151 2386
6263 6883
8545 7633
33581 4220
4371 5413
2810 1544
33775 9774
11945 5252
38316 4080
4768 3553
42893 215
8561 5800
22739 5933
14088 5160
8706 4433
13170 4958
28193 1856
15840 5784
6355 6737
8501 5772
3668 726
26851 7663
9266 7442
21521 8796
32348 7581
34147 2641
28440 1592
27525 9059
44218 7530
8314 7964
49274 9275
7483 1484
7267 3818
46906 9674
5446 3622
24347 5406
49420 9113
12906 7549
6344 8685
22617 4426
43418 5043
46635 3115
32173 8209
5739 511
14826 6390
12017 404
1887 4099
24268 9499
9172 5506
39127 1173
42931 969
6433 9825
47373 2350
17387 9338
20116 69
25111 6355
29470 3533
1742 1745
28607 1642
4384 3832
4235 3433
23883 2752
2250 2474
47979 8151
35675 7773
8742 3457
33281 8605
37307 1526
864 7005
17073 1045
27399 7331
17215 8536
46632 3220
1214 5308
9139 5239
35023 1949
4700 9726
18551 5257
39759 6949
1073 6529
36337 5434
20390 9814
41340 9617
32973 4048
45092 8555
12237 6398
24933 8843
28414 9451
14759 7916
29506 9627
1575 249
36326 4528
6137 2626
29574 4876
37756 5895
37680 6999
6812 4092
10060 8070
48469 4503
39409 3033
25782 3561
48755 1645
47448 7066
4981 3520
23147 2206
2454 4487
15366 1073
13699 5132
10007 1502
17397 9624
6622 4115
38206 1428
29497 9786
10640 8266
7650 7966
37878 6401
18045 9783
16848 2984
46503 1844
44049 1828
22666 6001
27074 2855
17986 4384
25885 7124
33099 4344
8458 9633
31061 6073
35858 6664
11281 6909
4874 2849
29249 5282
35064 9103
12086 3646
45489 8263
6442 4941
10941 5890
18744 9108
33491 4366
27841 3081
47424 5727
35360 940
17012 5882
18897 2772
9680 9221
48421 6529
31810 906
6360 7670
7667 3225
1487 8446
9738 3155
9044 7928
3387 678
41396 4139
47219 6877
28956 9236
30175 995
33228 4315
13438 3538
49110 8476
15004 3117
20374 7531
25200 3165
46389 6734
11531 9218
2372 4227
22154 1268
8297 7768
38258 5541
28769 9692
18928 1829
12823 7724
38390 5454
28992 2402
30877 1827
41296 8101
41983 2232
25396 1669
4754 3534
32751 8136
2362 6284
3903 5123
29242 4515
16407 8552
28243 7499
19327 5176
2899 3522
28976 8501
10902 1289
9467 4319
18771 1778
4009 762
28783 754
44287 5756
33891 9888
16172 7038
28512 6252
27119 6426
14977 7753
41603 3525
38700 9572
23093 930
25782 7951
15591 8420
42738 6684
44813 5057
42171 1509
38614 5174
27281 7305
37192 2900
9937 1172
13775 9715
22493 4800
12552 893
34418 7469
13392 4155
31436 3117
31067 2837
21256 3569
26604 6657
38066 346
8206 1417
2942 6588
33892 6819
29718 222
7745 7435
806 7150
7
33462 320
10216 15
19946 397
16042 327
31571 245
30373 140
33994 231
5943 8760
438
15268 632
35087 1544
19554 4392
9851 3310
34602 4893
3484 5039
5658 3073
878 975
2962 1448
34904 6012
6803 2300
17049 3572
38898 1364
43623 4976
16862 4936
36465 1253
20666 1264
34831 4318
11699 3311
47643 3213
33229 790
36963 4389
495 1086
24100 1767
29424 4551
40132 5855
30258 5678
258 5811
9018 4380
16603 1062
19089 4232
24360 2389
7321 5101
12677 4907
2927 1846
31670 4136
10501 3885
41392 254
5528 1400
30802 1251
40845 3548
20232 314
44466 4052
6609 3779
30720 4415
12066 5261
42629 910
38617 1671
28319 1876
1671 1943
44316 2210
33751 112
34676 2108
32163 4812
6984 2370
7857 3206
249 688
35282 2663
14928 3391
30901 685
15100 5029
44510 3981
45743 1115
40380 5696
771 5969
38010 475
41741 1231
16253 1786
13254 943
49322 602
44083 173
34417 2993
1617 1083
38101 5583
27939 5836
44894 6036
28318 5968
17117 4315
38881 3173
30826 3836
15897 5171
1088 4832
23299 4888
405 3487
14811 728
23142 2899
39608 1645
35927 1743
43608 5295
40472 949
9379 1106
14584 3273
7472 4514
10813 1677
21900 5127
2354 4340
43176 3571
11785 4203
19837 3310
3027 1802
44620 5527
9891 4920
77 4347
41803 3654
2548 1509
31582 2050
33992 5343
48678 3445
10568 438
4167 5055
17479 4374
36615 3367
9017 6087
43481 3916
43292 2773
29851 954
5378 4173
38490 2983
18261 56
31842 5682
28918 4995
15438 4163
25939 574
20724 1480
23605 241
35325 325
14113 3450
34441 81
19393 5009
18333 226
7131 3470
33299 3593
4275 808
666 3683
18432 733
26047 2412
45929 4609
10258 3594
21951 1702
24724 6186
22222 5357
19341 313
14690 3949
25815 5872
48054 4373
13119 4252
8682 1025
34044 2997
34557 1933
18195 2671
33567 3550
16688 2149
18429 5420
17713 862
40629 4564
2285 2812
18836 1062
15536 21
41759 3493
312 1482
1848 5729
27700 3220
26198 1091
6189 2326
29156 401
46445 5680
1328 3843
8569 5865
22781 1092
26487 3897
35070 1287
8963 3097
16749 3580
3782 1115
48551 2749
31022 2458
33874 2086
9983 2752
36817 5634
19881 6191
23258 3829
45046 3733
12162 985
10693 4447
12600 3844
31055 1480
32303 2564
17925 1235
13571 1433
40261 729
42151 4937
45224 187
46355 2612
35152 3946
37729 1763
31847 1792
37709 3278
18274 784
13210 2642
17516 87
32498 1086
39829 5372
37643 6117
46554 3541
12164 2704
29687 5494
24447 1211
13042 2175
46467 2359
36676 5815
19577 3762
44236 3469
28118 652
39859 5050
7828 3239
49840 3536
4999 442
37828 1730
30125 3027
43855 1628
37546 3295
29306 883
31154 314
15497 2084
23244 2917
44519 550
3398 3027
49160 1239
17615 2027
5546 720
45447 5172
32118 3355
27756 676
43087 5927
37029 4103
32872 3188
9537 2196
19270 5667
37228 875
34661 5173
35994 3163
2346 4226
637 3489
3610 3615
23227 5501
10045 4545
30891 2338
19118 3807
28459 497
32879 471
48200 4809
22765 5752
44279 1476
48425 3271
9503 448
24680 6141
44968 1679
17592 3555
44881 3344
13855 4446
46708 5252
36780 804
32412 4403
2596 4367
805 1857
9061 3246
33928 2244
6740 1200
40210 1703
42415 6061
20953 434
44264 5751
26822 3846
11524 1035
49408 3987
39809 3555
15628 1985
40064 4350
48836 2717
41613 5027
10837 1075
14996 4995
15201 4791
5673 787
9602 4412
4178 2399
14236 335
12827 706
10296 4967
12759 5125
16080 970
22169 5714
11858 559
28802 3089
37595 65
43037 1597
20143 3917
25899 4442
12470 299
23457 2722
12362 5831
18977 3304
42427 783
17654 4085
22505 5742
45128 2224
32034 5411
19346 3421
12231 5521
37288 2985
1266 2146
14609 474
4707 4928
23103 2282
38430 3891
5598 3685
40545 3872
43741 3400
22729 4746
2044 4151
24510 4215
32872 4711
30818 1825
16786 3100
33069 2154
9226 453
748 4421
38445 4109
14340 5824
22629 2088
24459 5150
19913 713
35504 273
47974 1188
41398 5345
36169 3019
13540 5469
5154 463
3962 3374
3757 2161
8715 3402
4067 3582
3167 3522
31267 4691
20410 1602
36628 337
14824 63
26223 3277
2896 5153
24912 5338
6916 3550
9256 1342
12824 3607
47516 3826
19051 5357
36518 37
30606 2347
3578 4109
49447 5057
17630 2726
21442 3091
31076 914
9852 4110
2944 3473
47845 2402
39744 1045
21639 4687
7919 2484
29759 4182
33951 2804
23057 6051
9277 5818
27404 207
3786 1786
30401 5
13057 5662
24728 1337
4458 6232
17781 4514
13678 2222
1608 6027
3089 381
18771 5636
24060 302
32792 2929
30041 635
28477 5928
25862 4897
18522 3900
49081 5139
33765 4957
17115 748
22621 4897
9423 5487
45325 4189
38730 3832
42872 4723
20178 2223
19176 832
26522 1454
18598 5612
24167 252
12230 2297
19306 5188
12378 5586
46024 3849
13228 2412
20986 4348
1061 5315
8953 4225
36211 5056
43318 1013
5852 6024
7075 1422
40436 5743
43346 4363
22861 4955
38811 4172
33891 3510
32192 969
9207 963
8762 915
7704 3169
24633 4432
42858 2609
5149 5508
47620 4233
24501 4963
44665 3511
28498 4632
14226 3017
26836 1886
22059 1121
38527 2752
40115 2930
18569 1238
48932 2301
38106 1015
1750 3428
135
11704 55
1716 1472
46469 2148
482 2100
14183 1918
29513 857
18144 2169
23017 2004
23873 1528
43739 773
28803 1017
36123 2726
15656 2588
28701 812
42187 150
656 2844
17077 740
6446 2453
31455 1023
21215 2647
37986 1609
3007 185
35002 1439
29151 461
39153 2626
17667 1391
31911 2271
17566 2545
29690 2208
27675 1961
36698 1746
25766 2560
13405 2020
23 1301
5489 2467
40495 2957
4667 2332
49603 754
35876 2191
31246 1619
17993 1401
25687 314
19052 27
30173 385
22223 1096
20617 1565
2529 50
45397 1254
11296 993
27143 2085
33007 1383
10258 435
27490 38
10046 386
21316 310
4746 1925
40203 941
21915 262
6388 3004
24347 2155
42638 898
20233 2868
24049 1680
43802 3016
27400 1557
18481 1012
38580 1997
14432 2580
21302 542
12139 2169
15767 897
30981 468
13667 2259
47927 1758
37686 1263
31368 283
49940 2513
41840 81
17230 2153
42037 2791
6584 51
21387 595
5606 1176
10289 8
26646 2067
18580 475
5662 2197
31085 2708
18807 2604
5734 2619
17636 233
36815 3000
5054 933
24267 2865
30647 1057
49615 2721
43171 2359
31450 128
23171 1371
8387 132
30516 2199
24933 2328
26526 2481
21856 705
1380 1356
18176 806
31043 1107
2941 261
16349 1766
41082 6
43510 2727
16929 2882
44401 923
18161 474
6467 1052
92 2703
19865 2144
23158 2526
47392 2968
8073 1564
5307 1435
17785 1839
13943 2101
5148 508
14285 2197
43637 2615
19628 1146
27178 818
41647 1407
47952 1334
21885 2830
1447 589
39418 1969
4490 1453
2322 1225
1932 8280
414
1808 608
15475 2253
21077 350
8439 432
14034 2673
38752 2921
27002 3122
42365 970
5974 1637
42914 2967
46176 3479
34915 3260
36191 1052
1268 3483
1694 1480
20497 2833
44128 78
18303 2563
46729 2766
43130 186
12096 1439
21528 102
15971 769
46916 157
20651 2441
2369 1119
40050 641
16162 1853
17462 97
2761 3471
4764 895
5360 1769
8283 173
46798 3222
16754 3538
48476 875
38161 2726
649 2035
247 153
8778 2184
3744 3422
4074 2903
14780 2000
2736 1968
20368 2588
34100 1778
27808 2418
6725 669
13120 375
23804 3635
26154 3510
41425 3280
24986 3591
1148 2298
5989 1897
12480 727
3774 2104
36229 3701
19493 953
17145 591
43516 1782
14047 1414
7054 2128
23765 1181
6997 363
16397 2628
36199 1822
30167 783
16246 5
2768 3546
23942 61
14669 3433
14505 470
12619 659
38917 1584
6560 1176
13711 1654
36458 1956
7729 885
7289 2497
24142 2272
30579 1333
14210 3530
37876 182
41115 3302
35392 1649
22243 2391
9123 3633
13 997
37095 2318
34208 3576
4064 336
46964 2296
35035 3402
17095 3464
2120 640
48712 3521
17928 505
42499 2194
26080 3083
46446 628
15020 3249
10588 2310
21786 199
28587 1777
32233 277
35238 401
43416 1258
9521 1011
3244 267
19829 3056
17851 885
20765 985
14165 588
7933 2005
13227 1172
34420 900
5770 1863
35092 84
38310 907
19139 2685
25527 1604
5894 3618
19280 173
30096 19
42029 1600
10589 1274
34816 327
28361 1980
27319 1650
21928 798
7023 1007
17847 3454
34057 1192
23050 1145
49319 3504
41964 1388
12915 1305
10139 467
13271 2131
37420 3667
22862 1666
47882 606
12065 3412
23009 1013
12535 961
28984 381
33987 3507
48700 1050
16119 1763
23113 3010
30289 414
22986 2872
12933 1901
8101 1231
6062 1930
14206 331
9881 514
2952 1872
4681 1627
10384 3307
37248 2801
3124 768
2549 21
5628 3504
39925 225
16808 3263
10169 3408
29768 2285
5621 148
48360 16
49741 982
6957 65
41003 3103
30621 1634
2220 1034
29251 3530
30372 3019
43404 2639
549 2327
34291 2929
10476 1438
27038 1296
23595 3001
42800 2652
27377 1487
23601 1439
20075 1119
19441 177
40465 3368
23113 3342
7418 1142
31207 733
34736 3666
3412 1591
6346 2012
8461 2935
21505 1386
20168 793
8655 2201
7018 32
4126 503
45852 548
27526 2902
1629 2127
31705 2463
43379 3168
43455 2944
9614 2155
15547 1663
46179 1456
17080 762
5064 1514
6489 3011
32738 2746
38198 143
17525 3290
36724 2355
49226 2266
45020 775
48592 2202
8299 466
48550 1232
49258 3661
12648 695
3892 3345
3048 1566
29816 2753
42258 2467
49694 1599
17798 1651
31102 2381
12917 493
15050 3098
48427 2490
12053 1471
35849 1500
38043 736
38456 1560
25264 2330
18456 2288
26280 2511
32830 2279
45967 1253
8751 1703
16435 2455
49903 2699
28223 2613
48065 2069
7665 269
36045 258
42564 1747
40068 1783
38994 701
17906 1270
12330 3702
9764 1203
24216 1731
27408 259
34033 2617
15842 2119
29059 3349
47058 584
44914 506
16904 2348
24317 3424
38647 620
7544 576
13838 2044
39941 1957
27146 520
808 3085
7230 2476
12206 1488
11557 368
37148 908
29408 1675
9493 3516
39838 2716
37940 1123
39688 2901
42393 166
45488 2215
23400 2136
46473 53
23772 70
31961 428
43230 2294
15954 2361
40180 1851
1673 385
21259 3249
26236 3228
40250 2423
34212 3283
39165 3504
6796 590
2234 2202
47845 2446
44313 3275
5325 2822
34286 3069
9015 890
42827 2365
32950 1643
2477 298
9388 1365
14759 2192
3541 2808
18047 3033
49548 657
11651 2879
5120 2703
41330 2156
38573 94
13632 2037
20078 3167
47533 484
41784 2967
20411 1627
22421 1455
8411 2849
29325 1684
33783 3624
28176 330
36968 1187
41745 1975
16770 2161
11558 1714
16180 2324
10093 2245
10378 2758
10432 1965
9261 73
30974 482
26003 216
18909 3551
17906 969
7582 2495
13801 2224
19870 1925
46184 23
32090 44
24829 1075
37404 2713
43777 1600
3523 2151
27665 2867
44769 1991
48872 3437
49299 2744
11839 2514
25639 2929
15495 2205
47785 2466
1682 745
46414 336
11971 787
43522 986
38503 171
10511 3367
44772 3046
19137 520
10690 308
42064 1420
5998 3088
17138 3609
8624 1134
13933 1582
42349 743
19764 264
12074 935
24598 289
27384 906
43546 3511
31747 1256
30869 2846
34440 1248
15305 890
30262 266
37393 3405
47785 2686
36799 1453
13659 2333
30525 1548
45151 1472
16388 775
49169 516
13971 340
25456 2337
8790 2497
27924 3297
72 2215
22366 1206
6548 491
5448 1627
21590 1038
31175 3407
9640 2523
41823 1808
839 3206
23156 2095
43253 76
24562 3151
31579 2138
31091 2372
23571 3400
12729 582
4082 2712
5369 3110
37721 1364
20921 3311
14048 1547
402 2997
3279 6554
39
14046 1094
24736 1925
12375 2284
4976 1146
29386 2558
35183 264
18539 185
27209 834
32597 1058
1075 712
6943 2683
38316 1206
21512 2416
15919 258
48415 396
20478 1487
49322 644
17419 452
34232 1312
37864 1806
33644 1720
22083 169
45014 2281
42442 1274
46924 1746
31127 2014
41342 230
43913 664
37387 1643
47270 2030
20352 2657
14613 398
29313 899
47720 199
3481 2330
43512 51
24982 1059
5659 2824
31237 990
7605 9040
452
15660 123
24993 5482
34614 2295
42134 4673
37879 5075
17731 2991
21897 5901
21623 5247
35946 346
11656 4982
48539 218
45080 3072
41190 5115
32489 2501
201 3784
16782 2049
24798 2519
27077 2053
25653 714
12530 3004
45443 1135
3786 5896
29076 1637
35483 6056
15317 5999
4442 2538
7091 4655
15091 1783
9051 4450
333 5948
7854 1162
7816 1193
41593 930
24767 2410
20453 1455
13480 4998
259 461
15938 1111
9024 3788
10707 5298
14909 3606
20898 5056
14669 2497
20278 5864
16271 2607
15674 583
4077 5211
39480 1365
24732 155
29265 5350
34245 4323
27431 5416
10008 561
30188 4448
11139 5177
26074 3188
22394 551
48045 4877
49311 486
43484 3911
5285 5523
6057 4428
48998 1403
5029 5926
26133 2270
35266 733
27037 4593
11231 2860
38768 4160
38779 4637
48664 24
25953 3522
44527 5121
8118 1189
8671 2111
25769 3834
27111 4727
39667 4988
10065 3106
32541 1603
45340 5160
12926 3452
29558 3620
42123 3959
15575 2673
34582 2519
28457 5472
1647 4488
17235 5925
33171 1602
44069 2261
22564 2289
23468 5181
29991 4602
23277 3593
36082 5147
29393 3676
23695 1475
23163 1532
9978 2909
13070 5513
35679 2035
37797 5386
30860 3331
29792 1253
13639 2316
39320 1853
11391 1986
31136 5798
12672 723
2968 4278
5731 4763
14111 3522
7661 651
27945 3156
8714 742
28548 472
48891 5056
14420 2002
4078 3788
10131 2372
18072 685
36622 4625
28590 2742
3547 4393
4872 351
22717 820
5225 2026
22730 2835
6804 4529
13226 3803
8040 62
42613 749
40821 2835
19384 4989
1244 6004
28966 561
45317 3069
31480 4494
49696 2228
47870 3192
7891 2960
47873 5258
40116 1055
8703 1579
37629 1918
45141 2338
46405 4790
18950 4663
11137 3405
32122 2082
34200 2414
48046 1500
43027 2962
36125 5210
30903 3932
29993 5334
37283 5116
34612 5794
14820 4086
40669 5671
31594 5456
14467 3117
39914 148
31574 3273
4454 402
29782 4446
41135 3131
34520 5865
23704 4641
9586 334
20989 15
26104 3299
33796 2879
2020 5217
20381 3085
33766 2021
11201 5517
46324 4188
14352 5620
18516 4352
24297 1867
40161 323
42475 3795
32295 142
11675 3883
3489 2410
47810 4927
23637 512
6658 1421
29275 173
17401 5669
11717 4530
43976 2465
12419 2252
18641 5231
9836 5592
45582 803
24719 3580
41028 4804
36938 2085
15245 2982
18069 4068
2721 2906
27363 3549
65 1793
19121 3967
36029 1049
12418 399
21580 2618
4682 652
22121 739
49509 349
30865 1210
38461 4924
13944 2786
7297 103
48528 556
24946 5161
49774 235
43331 2924
41648 1484
17303 973
9639 3222
24031 3614
20907 5238
37790 2741
25933 5643
27080 221
44230 4585
27744 1918
7290 3637
3713 4623
43109 1326
23418 2790
47317 1464
42720 4804
45550 438
32992 5480
6093 5932
19109 2202
18438 2411
36377 117
26901 5599
223 3958
45347 3048
45654 525
29359 3031
24806 6012
28023 3983
15349 1051
31322 5999
47007 2312
34441 683
48410 5232
3371 3505
235 3186
40768 3861
48883 3021
16418 4856
5149 5045
43423 1906
30752 3641
16520 5851
45248 4427
20131 3857
2585 3116
35015 4034
44674 5345
29588 2271
26339 2815
43305 3413
3823 3175
29535 4438
18092 2135
18161 2226
24067 168
40394 1802
34364 4203
26727 2514
17808 2889
6558 728
31013 5278
36335 2916
27378 963
1473 4170
31584 14
12992 1263
45201 3908
20814 4518
4829 1616
19235 2275
16910 6010
66 727
32894 781
13588 5462
22705 2313
37444 1159
44421 2436
45756 1184
22404 1964
8218 4742
24709 4421
22097 2733
13735 759
49552 5856
48236 3047
30162 1724
44766 1259
49122 5889
39723 825
44711 3277
15557 2943
32496 2213
4988 3645
14479 3911
8183 235
47730 5154
43904 61
19151 4470
45439 540
25257 4410
20191 1427
25171 1696
1997 3719
8967 5942
3352 4339
20497 2816
18536 275
45237 1713
13947 3559
17266 1013
48762 5761
37723 6017
17524 3106
33007 5425
8278 132
22988 4799
30033 1371
9777 5461
38802 5565
40099 4767
38772 3592
27414 2587
46291 4095
13534 5352
15069 1408
31422 2933
28497 1584
22847 2043
8721 4838
41685 5902
46820 2705
11819 1663
29183 166
8880 1867
6689 1496
26489 1036
42277 5701
1823 438
9256 5489
47860 420
45210 1208
4505 3118
14778 3786
2429 2616
32261 1680
6848 214
25138 2188
22284 3594
6612 4134
38655 3219
12845 3579
7817 2202
35397 5445
42743 5695
7699 3564
35327 801
19884 952
42966 266
16239 4213
24510 2414
22211 451
43930 5412
16375 2070
34371 3777
30080 5951
35343 886
20873 2736
47100 1779
19149 861
17273 2084
30444 5073
12459 1899
41486 4369
17691 5898
17169 180
22574 5959
6262 6074
3079 2054
31772 5778
44678 3400
26827 4311
37478 4228
39530 4939
20319 4279
40771 2533
34581 2927
22894 732
4245 2683
2462 2125
38455 2735
46839 5945
41714 4152
26587 5466
8440 3132
48593 1089
36561 5943
15841 5951
5821 5149
41319 5230
46752 5742
46434 4843
19655 1989
44723 4979
16410 5811
28537 4737
15871 894
48595 2642
11179 5670
2375 3954
49892 4754
5439 4386
9090 1926
43194 3839
26648 547
7402 5555
16601 5884
37436 1577
5866 1375
26505 4028
28398 2713
27138 4784
46769 2416
1851 3786
33617 4585
43917 2290
37897 4266
2664 3007
20633 4846
28248 2319
30369 1316
2188 9735
1
22032 328

